0 11043 1 0
1 11753 1 0
2 8016 1 0
3 11398 1 0
4 10688 1 0
5 8825 1 0
6 11078 1 0
7 9394 1 1
8 8778 1 1
9 9436 1 0
10 10161 1 1
11 5784 1 1
12 6368 1 1
13 8872 1 0
14 10208 1 0
15 6326 1 0
16 11127 1 0
17 10114 1 1
18 6284 1 1
19 7586 1 1
20 0 0 1
21 5742 1 1
22 6953 1 1
23 3238 1 1
24 7551 1 1
25 0 0 1
26 3836 1 1
27 3801 1 0
28 3766 1 1
29 7516 1 1
30 0 0 1
31 0 0 1
32 0 0 1
33 0 0 1
34 4906 1 1
35 1287 1 0
36 1240 1 1
37 1193 1 0
38 1144 1 1
39 3724 1 1
40 4859 1 1
41 2276 1 1
42 2323 1 0
43 2229 1 1
44 1097 1 1
45 2187 1 1
46 8731 1 0
47 11788 1 0
48 9352 1 1
49 8684 1 1
50 10067 1 1
51 6237 1 0
52 6190 1 1
53 6148 1 0
54 11837 1 0
55 10020 1 1
56 6106 1 1
57 7467 1 1
58 3677 1 1
59 7432 1 1
60 3630 1 0
61 3588 1 1
62 3553 1 0
63 3518 1 1
64 7397 1 1
65 4812 1 1
66 1050 1 1
67 4770 1 1
68 1001 1 0
69 954 1 1
70 907 1 0
71 858 1 1
72 3476 1 1
73 4723 1 1
74 2140 1 1
75 2093 1 1
76 811 1 1
77 2051 1 1
78 9107 1 0
79 8051 1 0
80 9520 1 1
81 9060 1 1
82 10443 1 1
83 6059 1 0
84 6012 1 1
85 5344 1 1
86 8100 1 0
87 10396 1 1
88 5386 1 0
89 7348 1 1
90 3429 1 1
91 6680 1 0
92 3382 1 0
93 3340 1 1
94 2672 1 1
95 2707 1 0
96 6715 1 0
97 4676 1 1
98 764 1 1
99 4008 1 0
100 715 1 0
101 668 1 1
102 0 1 1
103 47 1 0
104 2742 1 0
105 4050 1 0
106 2004 1 1
107 1336 1 0
108 96 1 0
109 1383 1 0
110 9013 1 0
111 11433 1 0
112 9478 1 1
113 8966 1 1
114 10349 1 1
115 5428 1 1
116 5475 1 0
117 5522 1 1
118 11482 1 0
119 10302 1 1
120 5564 1 0
121 6750 1 0
122 2784 1 0
123 6799 1 0
124 2831 1 1
125 2878 1 0
126 2920 1 1
127 2955 1 0
128 6834 1 0
129 4097 1 0
130 143 1 0
131 4144 1 0
132 190 1 1
133 239 1 0
134 286 1 1
135 333 1 0
136 2990 1 0
137 4186 1 0
138 1425 1 0
139 1472 1 0
140 382 1 0
141 1519 1 0
142 8919 1 0
143 10723 1 0
144 10255 1 1
145 5606 1 1
146 5653 1 0
147 5700 1 1
148 10772 1 0
149 6869 1 0
150 3032 1 0
151 6918 1 0
152 3079 1 1
153 3126 1 0
154 3168 1 1
155 3203 1 0
156 4233 1 0
157 429 1 0
158 4280 1 0
159 476 1 1
160 525 1 0
161 572 1 1
162 619 1 0
163 1561 1 0
164 1608 1 0
