0 11753 1 0
1 11398 1 0
2 10020 1 0
3 10688 1 0
4 11043 1 0
5 8919 1 0
6 11788 1 0
7 9394 1 1
8 8872 1 1
9 9436 1 0
10 8251 1 1
11 7036 1 1
12 7083 1 0
13 8966 1 0
14 8298 1 0
15 7130 1 1
16 11837 1 0
17 8204 1 1
18 7172 1 0
19 7586 1 0
20 4457 1 0
21 6994 1 1
22 7551 1 1
23 4415 1 1
24 7635 1 0
25 4504 1 1
26 4551 1 0
27 4593 1 1
28 0 0 1
29 7670 1 0
30 4948 1 0
31 1861 1 0
32 4901 1 1
33 1814 1 1
34 0 0 1
35 1908 1 1
36 1957 1 0
37 0 0 1
38 0 0 1
39 0 0 1
40 0 0 1
41 2276 1 0
42 2234 1 1
43 2323 1 0
44 1287 1 1
45 272 1 1
46 8825 1 0
47 11433 1 0
48 9352 1 1
49 8778 1 1
50 8157 1 1
51 6321 1 0
52 6274 1 1
53 6232 1 0
54 11482 1 0
55 8110 1 1
56 6190 1 1
57 5533 1 1
58 3836 1 1
59 5498 1 1
60 3789 1 0
61 3747 1 1
62 3712 1 0
63 3677 1 1
64 5463 1 1
65 2897 1 1
66 1240 1 1
67 2855 1 1
68 1191 1 0
69 1144 1 1
70 1097 1 0
71 1048 1 1
72 3635 1 1
73 2808 1 1
74 225 1 1
75 178 1 1
76 1001 1 1
77 136 1 1
78 8731 1 0
79 10055 1 0
80 9520 1 1
81 8684 1 1
82 8063 1 1
83 6143 1 0
84 6096 1 1
85 6054 1 0
86 10104 1 0
87 8016 1 1
88 6012 1 1
89 5414 1 1
90 3588 1 1
91 5379 1 1
92 3541 1 0
93 3499 1 1
94 3464 1 0
95 3429 1 1
96 5344 1 1
97 2761 1 1
98 954 1 1
99 2719 1 1
100 905 1 0
101 858 1 1
102 811 1 0
103 762 1 1
104 3387 1 1
105 2672 1 1
106 89 1 1
107 42 1 1
108 715 1 1
109 0 1 1
110 9107 1 0
111 10723 1 0
112 9478 1 1
113 9060 1 1
114 8439 1 1
115 6680 1 1
116 6727 1 0
117 6774 1 1
118 10772 1 0
119 8392 1 1
120 6816 1 0
121 7348 1 0
122 3340 1 1
123 7397 1 0
124 4008 1 1
125 4055 1 0
126 4097 1 1
127 4132 1 0
128 7432 1 0
129 4676 1 0
130 668 1 1
131 4723 1 0
132 1336 1 1
133 1385 1 0
134 1432 1 1
135 1479 1 0
136 4167 1 0
137 4765 1 0
138 2004 1 0
139 2051 1 0
140 1528 1 0
141 2098 1 0
142 9013 1 0
143 11078 1 0
144 8345 1 1
145 6858 1 1
146 6905 1 0
147 6952 1 1
148 11127 1 0
149 7467 1 0
150 4209 1 0
151 7516 1 0
152 4256 1 1
153 4303 1 0
154 4345 1 1
155 4380 1 0
156 4812 1 0
157 1575 1 0
158 4859 1 0
159 1622 1 1
160 1671 1 0
161 1718 1 1
162 1765 1 0
163 2140 1 0
164 2187 1 0
