0 0 0
1 35 0
2 70 0
3 105 0
4 140 0
5 175 0
6 222 0
7 271 0
8 313 0
9 360 0
10 402 0
11 449 0
12 496 0
13 543 0
14 590 0
15 637 0
16 679 0
17 714 0
18 761 0
19 803 0
20 852 0
21 899 0
22 941 0
23 976 0
24 1018 0
25 1053 0
26 1100 0
27 1142 0
28 1177 0
29 1212 0
30 1247 0
31 1294 0
32 1341 0
33 1388 0
34 1435 0
35 1477 0
36 1526 0
37 1573 0
38 1620 0
39 1669 0
40 1711 0
41 1758 0
42 1805 0
43 1847 0
44 1894 0
45 1941 0
46 1983 0
47 2030 0
48 2079 0
49 2121 0
50 2168 0
51 2215 0
52 2262 0
53 2309 0
54 2351 0
55 2386 0
56 2433 0
57 2475 0
58 2524 0
59 2571 0
60 2606 0
61 2653 0
62 2695 0
63 2730 0
64 2765 0
65 2800 0
66 2847 0
67 2894 0
68 2936 0
69 2985 0
70 3032 0
71 3079 0
72 3128 0
73 3170 0
74 3217 0
75 3264 0
76 3311 0
77 3358 0
78 3400 0
79 3447 0
80 3496 0
81 3538 0
82 3585 0
83 3632 0
84 3679 0
85 3726 0
86 3768 0
87 3803 0
88 3850 0
89 3892 0
90 3941 0
91 3988 0
92 4023 0
93 4070 0
94 4112 0
95 4147 0
96 4182 0
97 4217 0
98 4264 0
99 4311 0
100 4353 0
101 4402 0
102 4449 0
103 4496 0
104 4545 0
105 4587 0
106 4634 0
107 4681 0
108 4728 0
109 4775 0
110 4817 0
111 4864 0
112 4913 0
113 4955 0
114 5002 0
115 5049 0
116 5096 0
117 5143 0
118 5185 0
119 5220 0
120 5267 0
121 5309 0
122 5358 0
123 5405 0
124 5440 0
125 5487 0
126 5529 0
127 5564 0
128 5599 0
129 5634 0
130 5681 0
131 5728 0
132 5770 0
133 5819 0
134 5866 0
135 5913 0
136 5962 0
137 6004 0
138 6051 0
139 6098 0
140 6145 0
141 6192 0
142 6234 0
143 6281 0
144 6330 0
145 6377 0
146 6424 0
147 6471 0
148 6513 0
149 6548 0
150 6597 0
151 6644 0
152 6679 0
153 6726 0
154 6768 0
155 6803 0
156 6838 0
157 6885 0
158 6932 0
159 6974 0
160 7023 0
161 7070 0
162 7117 0
163 7166 0
164 7213 0
