0 11043 1 0
1 10688 1 0
2 11398 1 0
3 8684 1 0
4 11753 1 0
5 8345 1 0
6 11078 1 0
7 10104 1 1
8 8298 1 1
9 10146 1 0
10 9681 1 1
11 6096 1 1
12 6143 1 0
13 8392 1 0
14 9728 1 0
15 6190 1 1
16 11127 1 0
17 9634 1 1
18 6232 1 0
19 7418 1 0
20 3452 1 0
21 6054 1 1
22 7383 1 1
23 3410 1 1
24 7467 1 0
25 3499 1 1
26 3546 1 0
27 3588 1 1
28 3623 1 0
29 7502 1 0
30 4765 1 0
31 811 1 0
32 4718 1 1
33 764 1 1
34 4812 1 0
35 858 1 1
36 907 1 0
37 954 1 1
38 1001 1 0
39 3658 1 0
40 4854 1 0
41 2093 1 0
42 2051 1 1
43 2140 1 0
44 1050 1 0
45 2187 1 0
46 8251 1 0
47 10723 1 0
48 10062 1 1
49 8204 1 1
50 9587 1 1
51 6274 1 1
52 6321 1 0
53 6368 1 1
54 10772 1 0
55 9540 1 1
56 6410 1 0
57 7537 1 0
58 3700 1 0
59 7586 1 0
60 3747 1 1
61 3794 1 0
62 3836 1 1
63 3871 1 0
64 7621 1 0
65 4901 1 0
66 1097 1 0
67 4948 1 0
68 1144 1 1
69 1193 1 0
70 1240 1 1
71 1287 1 0
72 3906 1 0
73 0 0 1
74 2229 1 0
75 2276 1 0
76 0 0 1
77 1655 1 1
78 8157 1 0
79 11433 1 0
80 10020 1 1
81 8110 1 1
82 9493 1 1
83 7083 1 0
84 7036 1 1
85 6994 1 0
86 11482 1 0
87 9446 1 1
88 6952 1 1
89 5582 1 1
90 0 0 1
91 5547 1 1
92 0 0 1
93 3168 1 1
94 3133 1 0
95 3098 1 1
96 5512 1 1
97 0 0 1
98 0 0 1
99 4238 1 1
100 619 1 0
101 572 1 1
102 525 1 0
103 476 1 1
104 3056 1 1
105 4191 1 1
106 1608 1 1
107 1561 1 1
108 429 1 1
109 1519 1 1
110 8063 1 0
111 8719 1 0
112 10188 1 1
113 8016 1 1
114 9399 1 1
115 6905 1 0
116 6858 1 1
117 6816 1 0
118 8768 1 0
119 9352 1 1
120 6774 1 1
121 5463 1 1
122 3009 1 1
123 5428 1 1
124 2962 1 0
125 2920 1 1
126 2885 1 0
127 2850 1 1
128 5393 1 1
129 4144 1 1
130 382 1 1
131 4102 1 1
132 333 1 0
133 286 1 1
134 239 1 0
135 190 1 1
136 2808 1 1
137 4055 1 1
138 1472 1 1
139 1425 1 1
140 143 1 1
141 1383 1 1
142 8439 1 0
143 11788 1 0
144 9775 1 1
145 6727 1 0
146 6680 1 1
147 6012 1 1
148 11837 1 0
149 5344 1 1
150 2761 1 1
151 7348 1 0
152 2714 1 0
153 2672 1 1
154 3340 1 1
155 3375 1 0
156 4008 1 1
157 96 1 1
158 4676 1 0
159 47 1 0
160 0 1 1
161 668 1 1
162 715 1 0
163 1336 1 1
164 2004 1 0
